
//1
[0.005, 0.7825872440191983]
[0.01, 0.8559431524547805]
[0.015, 0.8977777777777778]
[0.02, 0.9296296296296296]
[0.025, 0.9505185185185185]
[0.030000000000000002, 0.9111111111111111]
[0.035, 0.9443376068376068]
[0.04, 0.946111111111111]
[0.045, 0.9244846656611362]
[0.049999999999999996, 0.9287037037037038]
[0.05499999999999999, 0.943115468409586]
[0.05999999999999999, 0.9255555555555555]
[0.06499999999999999, 0.937037037037037]
[0.06999999999999999, 0.9540875420875421]
[0.075, 0.9207864085805262]
[0.08, 0.944074074074074]
[0.085, 0.9522079772079772]
[0.09000000000000001, 0.929422222222222]
[0.09500000000000001, 0.9391666666666667]
[0.10000000000000002, 0.9421241830065359]
[0.10500000000000002, 0.9207407407407409]
[0.11000000000000003, 0.9133333333333334]
[0.11500000000000003, 0.9261111111111111]
[0.12000000000000004, 0.9253649237472766]
[0.12500000000000003, 0.9331481481481483]
[0.13000000000000003, 0.933115468409586]
[0.13500000000000004, 0.9344301994301993]
[0.14000000000000004, 0.9316339869281046]
[0.14500000000000005, 0.8977777777777778]
[0.15000000000000005, 0.9329901960784314]
[0.15500000000000005, 0.9425925925925925]
[0.16000000000000006, 0.9170588235294119]
[0.16500000000000006, 0.9185185185185185]
[0.17000000000000007, 0.9153376906318081]
[0.17500000000000007, 0.9300925925925926]
[0.18000000000000008, 0.9387936507936507]
[0.18500000000000008, 0.9185185185185185]
[0.19000000000000009, 0.9207407407407409]
[0.1950000000000001, 0.9232679738562091]
[0.2000000000000001, 0.9222222222222222]

//2
[0.005, 0.8785204081632653]
[0.01, 0.9417728758169934]
[0.015, 0.9233333333333335]
[0.02, 0.9266845878136201]
[0.025, 0.9660309930423783]
[0.030000000000000002, 0.9388603988603987]
[0.035, 0.9233333333333332]
[0.04, 0.9575123786888493]
[0.045, 0.9314814814814814]
[0.049999999999999996, 0.9360457516339868]
[0.05499999999999999, 0.8997167755991284]
[0.05999999999999999, 0.8683333333333334]
[0.06499999999999999, 0.9223148148148148]
[0.06999999999999999, 0.9116666666666667]
[0.075, 0.9462820512820512]
[0.08, 0.9301851851851852]
[0.085, 0.9229629629629631]
[0.09000000000000001, 0.9366871794871795]
[0.09500000000000001, 0.9316666666666666]
[0.10000000000000002, 0.9268148148148148]
[0.10500000000000002, 0.927962962962963]
[0.11000000000000003, 0.957287356321839]
[0.11500000000000003, 0.926088888888889]
[0.12000000000000004, 0.9157407407407406]
[0.12500000000000003, 0.9289814814814814]
[0.13000000000000003, 0.9319444444444445]
[0.13500000000000004, 0.9469019607843137]
[0.14000000000000004, 0.9459299516908212]
[0.14500000000000005, 0.940718954248366]
[0.15000000000000005, 0.9585228758169935]
[0.15500000000000005, 0.9266666666666667]
[0.16000000000000006, 0.9298856209150326]
[0.16500000000000006, 0.9535729847494553]
[0.17000000000000007, 0.9344836601307189]
[0.17500000000000007, 0.9321673202614378]
[0.18000000000000008, 0.9391999999999999]
[0.18500000000000008, 0.9467260348583878]
[0.19000000000000009, 0.9399530752471928]
[0.1950000000000001, 0.9419023569023569]
[0.2000000000000001, 0.9490413943355118]